"","elo_bracket","time_control","n_adhd","n_nonadhd","intercept","intercept_p","complexity_effect","complexity_p","group_effect","group_p","interaction_effect","interaction_p","r_squared"
"1","≤1000","Bullet",1066,341,3.70246643260568,1.53447797410739e-11,0.367797212596802,0.000365000990259576,-0.0278177174833689,0.977887004210345,-0.20656848855223,0.298480389012231,0.0125057985672593
"2","≤1000","Blitz",1207,2058,9.68630137719507,2.32251648557118e-08,1.0374433305322,0.0016031904200866,1.81253883433031,0.403982947227581,0.468750021586673,0.249579986912309,0.0196761533310115
"3","≤1000","Rapid",1787,1016,15.3426484396328,5.36672586987545e-06,5.0174471385679,3.18680356338316e-17,-8.93804958301869,0.119608752004618,2.15849076710458,0.0430660963548524,0.046830800248355
"4","1001-1400","Bullet",814,27534,5.53948825874526,5.48078110136852e-13,0.388144291833416,0.00796524951499052,-3.82463499031108,8.98586828280304e-07,0.3083082397306,0.0377035183097002,0.0287570891029387
"5","1001-1400","Blitz",16360,35843,8.181948878207,2.54257979302595e-44,5.90517183811993,0,-2.02698173679075,0.00407704041763467,-3.35455110185653,2.55931911975989e-149,0.123461147484853
"6","1001-1400","Rapid",18635,31429,7.2810022208473,3.31322520750004e-10,5.14979083717044,4.54625339566568e-140,1.51973575628225,0.294415356941103,1.61270617821532,5.56464372990189e-10,0.0478869500039578
"7","1401-1800","Bullet",651,12506,-0.349497624673842,0.669442121458584,0.700184789280116,2.8872130372683e-05,1.78044595988394,0.033554210174824,-0.128435917306877,0.451136461211018,0.0256736886438153
"8","1401-1800","Blitz",4034,12506,1.45324643618814,0.219753620902225,2.48472034379202,2.38655083261462e-32,3.74428705650753,0.00592823181097486,0.316378327780771,0.188489678670327,0.0443980047754046
"9","1401-1800","Rapid",7540,12506,2.87435324053713,0.158241336441272,3.72369062952247,1.18581435581942e-25,4.6014322823127,0.0747462585832017,4.84922625362446,4.9607984386713e-27,0.0764443797556062
"10","1801+","Bullet",5856,14657,0.364720085250587,0.0826561576312268,0.716645602510648,1.92413621927006e-91,0.962074717239138,0.000112461501873909,-0.219355801511615,1.75038405472843e-07,0.0416189055675515
"11","1801+","Blitz",6015,14657,-1.36280342651406,0.152002091835681,3.05743012950766,3.28125014789582e-91,6.92867519340385,6.65963259445526e-10,-0.909686167225941,4.15856066635273e-07,0.0414540906751873
"12","1801+","Rapid",2482,14657,-12.9361644590861,0.00711902895258124,10.9994241185437,1.70760588833787e-40,23.2689729871463,7.25570056623714e-06,-2.44450214343315,0.005744975157036,0.0498931741192258
